0 0.386719 0.646423 0.311719 0.213860
0 0.545703 0.500373 0.162500 0.097615
1 0.185352 0.532042 0.196484 0.117735
0 0.092773 0.482861 0.141016 0.081967
0 0.222852 0.451565 0.102734 0.070045
0 0.305469 0.429210 0.081250 0.068554
0 0.378125 0.418033 0.078125 0.055142
0 0.429492 0.400522 0.066016 0.066319
1 0.369336 0.470939 0.085547 0.081967
1 0.463867 0.435917 0.056641 0.062593
1 0.516797 0.417288 0.045312 0.049180
0 0.595508 0.443368 0.105859 0.086438
0 0.640039 0.410209 0.069922 0.070790
0 0.670508 0.397541 0.056641 0.048435
0 0.866797 0.466468 0.117969 0.123696
0 0.809180 0.413562 0.060547 0.080477
0 0.784570 0.394560 0.048047 0.063338
0 0.928906 0.415425 0.065625 0.064829
0 0.868359 0.393815 0.051562 0.064829
